      P    1    0.99476      9.99703     3.96918    0.03903    14.00524
      C    2   -0.29778      1.99890     4.26610    0.03277     6.29778
      C    3   -0.41311      1.99887     4.38279    0.03145     6.41311
      O    4   -1.03273      1.99979     7.00486    0.02808     9.03273
      C    5   -0.34790      1.99895     4.31582    0.03313     6.34790
      C    6   -0.34951      1.99897     4.31790    0.03264     6.34951
      C    7   -0.17442      1.99908     4.15700    0.01833     6.17442
      C    8   -0.18490      1.99916     4.16841    0.01733     6.18490
      C    9   -0.17016      1.99916     4.15365    0.01736     6.17016
      C   10   -0.19225      1.99906     4.17326    0.01993     6.19225
      H   11    0.23226      0.00000     0.76614    0.00160     0.76774
      H   12    0.22890      0.00000     0.77001    0.00109     0.77110
      H   13    0.22863      0.00000     0.77028    0.00109     0.77137
      H   14    0.23087      0.00000     0.76707    0.00206     0.76913
      C   15   -0.19802      1.99906     4.17959    0.01938     6.19802
      C   16   -0.19873      1.99917     4.18184    0.01772     6.19873
      C   17   -0.18911      1.99917     4.17207    0.01787     6.18911
      C   18   -0.19907      1.99917     4.18228    0.01762     6.19907
      C   19   -0.19100      1.99906     4.17309    0.01885     6.19100
      H   20    0.22480      0.00000     0.77351    0.00169     0.77520
      H   21    0.22166      0.00000     0.77718    0.00116     0.77834
      H   22    0.22133      0.00000     0.77760    0.00107     0.77867
      H   23    0.22162      0.00000     0.77722    0.00116     0.77838
      C   24   -0.19724      1.99903     4.17792    0.02029     6.19724
      C   25   -0.20424      1.99916     4.18694    0.01814     6.20424
      C   26   -0.18783      1.99917     4.17064    0.01801     6.18783
      C   27   -0.19998      1.99916     4.18286    0.01796     6.19998
      C   28   -0.18644      1.99905     4.16799    0.01939     6.18644
      H   29    0.22253      0.00000     0.77629    0.00118     0.77747
      H   30    0.22227      0.00000     0.77665    0.00108     0.77773
      H   31    0.22226      0.00000     0.77657    0.00118     0.77774
      H   32    0.22140      0.00000     0.77643    0.00217     0.77860
     Pd   33    0.37722     35.98600     9.62915    0.00764    45.62278
      C   34   -0.47510      1.99928     4.45934    0.01649     6.47510
      H   35    0.21251      0.00000     0.78596    0.00153     0.78749
      H   36    0.20920      0.00000     0.78922    0.00158     0.79080
      C   37   -0.54099      1.99929     4.52792    0.01378     6.54099
      H   38    0.24193      0.00000     0.75669    0.00138     0.75807
      H   39    0.26019      0.00000     0.73856    0.00125     0.73981
      C   40   -0.70689      1.99935     4.69571    0.01183     6.70689
      H   41    0.24529      0.00000     0.75360    0.00111     0.75471
      H   42    0.24999      0.00000     0.74925    0.00076     0.75001
      H   43    0.26191      0.00000     0.73729    0.00080     0.73809
      O   44   -0.54210      1.99971     6.51213    0.03027     8.54210
      C   45    0.66507      1.99931     3.31154    0.02409     5.33493
      H   46    0.22049      0.00000     0.77773    0.00178     0.77951
      H   47    0.22029      0.00000     0.77760    0.00211     0.77971
      P   48    1.99195      9.99672     2.92266    0.08866    13.00805
      C   49   -0.44199      1.99894     4.41337    0.02967     6.44199
      C   50   -0.17805      1.99907     4.16053    0.01845     6.17805
      C   51   -0.16884      1.99907     4.15111    0.01866     6.16884
      C   52   -0.20146      1.99917     4.18463    0.01767     6.20146
      H   53    0.22638      0.00000     0.77221    0.00141     0.77362
      C   54   -0.19900      1.99917     4.18234    0.01749     6.19900
      H   55    0.23262      0.00000     0.76582    0.00156     0.76738
      C   56   -0.17277      1.99918     4.15607    0.01752     6.17277
      H   57    0.22550      0.00000     0.77337    0.00113     0.77450
      H   58    0.22551      0.00000     0.77336    0.00113     0.77449
      H   59    0.22455      0.00000     0.77441    0.00104     0.77545
      C   60   -0.45095      1.99893     4.42090    0.03111     6.45095
      C   61   -0.17513      1.99905     4.15559    0.02049     6.17513
      C   62   -0.17027      1.99907     4.15246    0.01873     6.17027
      C   63   -0.20156      1.99917     4.18274    0.01966     6.20156
      H   64    0.22472      0.00000     0.77316    0.00211     0.77528
      C   65   -0.20288      1.99917     4.18622    0.01750     6.20288
      H   66    0.22998      0.00000     0.76813    0.00189     0.77002
      C   67   -0.17093      1.99917     4.15369    0.01807     6.17093
      H   68    0.22637      0.00000     0.77241    0.00122     0.77363
      H   69    0.22413      0.00000     0.77473    0.00114     0.77587
      H   70    0.22426      0.00000     0.77469    0.00105     0.77574
