      P    1    1.16465      9.99699     3.79104    0.04732    13.83535
      O    2   -1.05556      1.99979     7.02869    0.02708     9.05556
      P    3    2.16623      9.99652     2.73977    0.09747    12.83377
      N    4   -1.09007      1.99946     6.05470    0.03591     8.09007
      C    5   -0.45855      1.99891     4.43034    0.02930     6.45855
      C    6   -0.15617      1.99907     4.13864    0.01846     6.15617
      C    7   -0.20141      1.99917     4.18481    0.01743     6.20141
      C    8   -0.16801      1.99918     4.15135    0.01748     6.16801
      C    9   -0.20239      1.99917     4.18553    0.01770     6.20239
      C   10   -0.16595      1.99906     4.14806    0.01882     6.16595
      H   11    0.23078      0.00000     0.76758    0.00165     0.76922
      H   12    0.22442      0.00000     0.77443    0.00114     0.77558
      H   13    0.22337      0.00000     0.77559    0.00105     0.77663
      H   14    0.22414      0.00000     0.77473    0.00112     0.77586
      H   15    0.22310      0.00000     0.77521    0.00169     0.77690
      C   16   -0.16791      1.99906     4.14814    0.02071     6.16791
      C   17   -0.20261      1.99915     4.18424    0.01921     6.20261
      C   18   -0.17156      1.99917     4.15371    0.01868     6.17156
      C   19   -0.20323      1.99916     4.18571    0.01836     6.20323
      C   20   -0.16155      1.99908     4.14365    0.01882     6.16155
      C   21   -0.46547      1.99890     4.43500    0.03157     6.46547
      H   22    0.22495      0.00000     0.77291    0.00214     0.77505
      H   23    0.22460      0.00000     0.77417    0.00123     0.77540
      H   24    0.22107      0.00000     0.77784    0.00109     0.77893
      H   25    0.22173      0.00000     0.77709    0.00119     0.77827
      H   26    0.23183      0.00000     0.76643    0.00174     0.76817
      C   27    0.13410      1.99887     3.83972    0.02731     5.86590
      C   28   -0.21806      1.99899     4.20037    0.01870     6.21806
      C   29   -0.21304      1.99899     4.19499    0.01906     6.21304
      C   30   -0.19691      1.99917     4.18029    0.01745     6.19691
      H   31    0.21520      0.00000     0.78340    0.00140     0.78480
      C   32   -0.19843      1.99917     4.18063    0.01862     6.19843
      H   33    0.22013      0.00000     0.77776    0.00211     0.77987
      C   34   -0.19864      1.99917     4.18165    0.01781     6.19864
      H   35    0.22127      0.00000     0.77760    0.00113     0.77873
      H   36    0.22131      0.00000     0.77752    0.00118     0.77869
      C   37   -0.17979      1.99917     4.16282    0.01779     6.17979
      C   38   -0.21074      1.99915     4.19376    0.01783     6.21074
      C   39   -0.17304      1.99904     4.15441    0.01960     6.17304
      C   40   -0.38023      1.99894     4.34720    0.03409     6.38023
      C   41   -0.18246      1.99903     4.16347    0.01996     6.18246
      C   42   -0.20150      1.99917     4.18409    0.01824     6.20150
      H   43    0.22204      0.00000     0.77682    0.00114     0.77796
      H   44    0.22342      0.00000     0.77539    0.00120     0.77658
      H   45    0.22252      0.00000     0.77642    0.00106     0.77748
      C   46   -0.19563      1.99904     4.17569    0.02090     6.19563
      C   47   -0.21278      1.99914     4.19607    0.01757     6.21278
      C   48   -0.18202      1.99916     4.16583    0.01703     6.18202
      C   49   -0.17567      1.99906     4.15912    0.01749     6.17567
      C   50    0.00935      1.99894     3.96679    0.02493     5.99065
      C   51   -0.36249      1.99885     4.32981    0.03382     6.36249
      H   52    0.22104      0.00000     0.77785    0.00110     0.77896
      H   53    0.22160      0.00000     0.77730    0.00110     0.77840
      H   54    0.21931      0.00000     0.77937    0.00133     0.78069
      C   55   -0.46038      1.99934     4.44493    0.01610     6.46038
      H   56    0.21377      0.00000     0.78482    0.00141     0.78623
      H   57    0.20686      0.00000     0.79175    0.00139     0.79314
     Pd   58    0.42092     35.98584     9.58176    0.01148    45.57908
      O   59   -0.56393      1.99971     6.53462    0.02960     8.56393
      C   60   -0.70995      1.99934     4.69783    0.01279     6.70995
      H   61    0.25973      0.00000     0.73945    0.00082     0.74027
      H   62    0.23926      0.00000     0.75959    0.00116     0.76074
      H   63    0.25502      0.00000     0.74410    0.00088     0.74498
      C   64    0.68019      1.99928     3.29414    0.02640     5.31981
      C   65   -0.54633      1.99929     4.53290    0.01414     6.54633
      H   66    0.24052      0.00000     0.75790    0.00158     0.75948
      H   67    0.26539      0.00000     0.73323    0.00137     0.73461
      H   68    0.22389      0.00000     0.77390    0.00221     0.77611
      H   69    0.22083      0.00000     0.77813    0.00104     0.77917
      H   70    0.21605      0.00000     0.78139    0.00256     0.78395
      H   71    0.22218      0.00000     0.77576    0.00206     0.77782
      C   72   -0.16874      1.99883     4.14633    0.02359     6.16874
      C   73    0.35736      1.99866     3.62175    0.02223     5.64264
      C   74    0.34742      1.99868     3.63208    0.02182     5.65258
      C   75   -0.32632      1.99902     4.30780    0.01950     6.32632
      C   76   -0.33814      1.99906     4.32092    0.01817     6.33814
      C   77   -0.16944      1.99920     4.15182    0.01842     6.16944
      H   78    0.22199      0.00000     0.77561    0.00240     0.77801
      H   79    0.22574      0.00000     0.77265    0.00161     0.77426
      H   80    0.21583      0.00000     0.78298    0.00118     0.78417
      O   81   -0.48385      1.99973     6.45698    0.02715     8.48385
      O   82   -0.47204      1.99973     6.44477    0.02755     8.47204
      C   83   -0.24788      1.99929     4.23592    0.01267     6.24788
      H   84    0.20325      0.00000     0.79496    0.00178     0.79675
      H   85    0.18248      0.00000     0.81497    0.00256     0.81752
      H   86    0.18132      0.00000     0.81679    0.00189     0.81868
      C   87   -0.24766      1.99929     4.23525    0.01312     6.24766
      H   88    0.20010      0.00000     0.79858    0.00133     0.79990
      H   89    0.18050      0.00000     0.81756    0.00194     0.81950
      H   90    0.17378      0.00000     0.82421    0.00201     0.82622
